1756 342 2407 342 2407 676 1756 676 signature 0
1421 223.99999999999997 1809 223.99999999999997 1809 422.99999999999994 1421 422.99999999999994 signature 0
1835 670 2191 670 2191 958 1835 958 signature 0
1664 901 2595 901 2595 1156 1664 1156 signature 0
1771.0000000000002 1104 2197 1104 2197 1464 1771.0000000000002 1464 signature 0
1880 1405 2403 1405 2403 1691 1880 1691 signature 0
2391 1674.9999999999998 2985 1674.9999999999998 2985 1959 2391 1959 signature 0
2384 1833 3344 1833 3344 2246 2384 2246 signature 0
2508 2093 3066 2093 3066 2578 2508 2578 signature 0
2769 2448 3250 2448 3250 2857 2769 2857 signature 0
2305 2750 2974 2750 2974 3036 2305 3036 signature 0
2176 3072.0000000000005 2407 3072.0000000000005 2407 3355 2176 3355 signature 0
2270 3415 2552 3415 2552 3591 2270 3591 signature 0
2445 3638 2926 3638 2926 3945 2445 3945 signature 0
1844 3848 2324 3848 2324 4080.0000000000005 1844 4080.0000000000005 signature 0
1874 4111 2236 4111 2236 4243 1874 4243 signature 0
1856 4273 2184 4273 2184 4482 1856 4482 signature 0
1751 4469 2047 4469 2047 4684 1751 4684 signature 0
1860 4663 2190 4663 2190 4844 1860 4844 signature 0
1527 5580 1834 5580 1834 5706 1527 5706 signature 0
2308 5235 2804 5235 2804 5460 2308 5460 signature 0
1853 4901 2126 4901 2126 5108 1853 5108 signature 0
1820 5056 2242 5056 2242 5283 1820 5283 signature 0