3240 177 3566 177 3566 321 3240 321 signature 0
3155 370.99999999999994 3546 370.99999999999994 3546 506 3155 506 signature 0
3237 503 4061 503 4061 753 3237 753 signature 0
3091 734.9999999999999 3322 734.9999999999999 3322 964 3091 964 signature 0
2998 835 3808 835 3808 1082 2998 1082 signature 0
3059 1058 3416 1058 3416 1316 3059 1316 signature 0
3271 1319 3662 1319 3662 1491.0000000000002 3271 1491.0000000000002 signature 0
3379 1554.9999999999998 3659 1554.9999999999998 3659 1721 3379 1721 signature 0
3290 1643 3881 1643 3881 1911.9999999999998 3290 1911.9999999999998 signature 0
3191 1899 3510 1899 3510 2155 3191 2155 signature 0
3087 2092 3530 2092 3530 2365 3087 2365 signature 0
3194 2363 3602 2363 3602 2518 3194 2518 signature 0
3208 2641 3721 2641 3721 2767 3208 2767 signature 0
3396 2813 3710 2813 3710 2964 3396 2964 signature 0
3296 2999 3749 2999 3749 3199.9999999999995 3296 3199.9999999999995 signature 0
3276 3178 3648 3178 3648 3381 3276 3381 signature 0
3166 3275.9999999999995 3620 3275.9999999999995 3620 3618 3166 3618 signature 0
3166 3617 3690 3617 3690 3830 3166 3830 signature 0
3082 3875.9999999999995 3595 3875.9999999999995 3595 4060.9999999999995 3082 4060.9999999999995 signature 0