3075 168 3386 168 3386 465 3075 465 signature 0
3685 647 4055 647 4055 904.0000000000001 3685 904.0000000000001 signature 0
3612 901 4016 901 4016 1086 3612 1086 signature 0
3542 1088 4039 1088 4039 1261 3542 1261 signature 0
3450 1278 3928.9999999999995 1278 3928.9999999999995 1469 3450 1469 signature 0
3408 1469 3864 1469 3864 1717.0000000000002 3408 1717.0000000000002 signature 0
3366 1649.9999999999998 3686 1649.9999999999998 3686 1881 3366 1881 signature 0
3324 1780 3789 1780 3789 2106 3324 2106 signature 0
3305 2053 3763 2053 3763 2282 3305 2282 signature 0
3286 2251 3822 2251 3822 2538 3286 2538 signature 0
3189 2522 3871 2522 3871 2755 3189 2755 signature 0
3214 2753 3555 2753 3555 3005 3214 3005 signature 0
3250 2979.9999999999995 3530 2979.9999999999995 3530 3150 3250 3150 signature 0
3399 3129 3928.9999999999995 3129 3928.9999999999995 3459 3399 3459 signature 0
3280 3406 4060 3406 4060 3665 3280 3665 signature 0
3321 3609.9999999999995 3954 3609.9999999999995 3954 3881 3321 3881 signature 0
3345 3927 3942 3927 3942 4098 3345 4098 signature 0