2732 4954 3884 4954 3884 5479 2732 5479 stamp 0
2190 3510 2810 3510 2810 3772 2190 3772 signature 0
2276 3746 2880 3746 2880 3979.0000000000005 2276 3979.0000000000005 signature 0
2284 3961 2877 3961 2877 4143 2284 4143 signature 0
2211 4132 2895 4132 2895 4368 2211 4368 signature 0
2159 4306 2423 4306 2423 4513 2159 4513 signature 0
1931 4451 2418 4451 2418 4633 1931 4633 signature 0
2035 4602 2322 4602 2322 4786 2035 4786 signature 0
1965 4721 2281 4721 2281 4973 1965 4973 signature 0
1874 4903 2257 4903 2257 5162 1874 5162 signature 0
1495 5139 1809 5139 1809 5427 1495 5427 signature 0
1791 5271 2239 5271 2239 5525 1791 5525 signature 0