3508 989.9999999999999 3816 989.9999999999999 3816 1221 3508 1221 signature 0
3376 1288 3896 1288 3896 1511 3376 1511 signature 0
3442 1470 3852 1470 3852 1718 3442 1718 signature 0
3434 1686.9999999999998 3844 1686.9999999999998 3844 1944 3434 1944 signature 0
3395 1891 3813 1891 3813 2076 3395 2076 signature 0
3376 2076 3855 2076 3855 2275 3376 2275 signature 0
3307 2220 3957 2220 3957 2473 3307 2473 signature 0
3285.0000000000005 2446 3819 2446 3819 2702 3285.0000000000005 2702 signature 0
3368.0000000000005 2630 3888 2630 3888 2917 3368.0000000000005 2917 signature 0
3362 2810 3736 2810 3736 3207 3362 3207 signature 0
3089 3107 3712 3107 3712 3466 3089 3466 signature 0
3293 3317 3780 3317 3780 3719 3293 3719 signature 0
3238 3628 3626 3628 3626 3965 3238 3965 signature 0
3166 3893 3667 3893 3667 4221 3166 4221 signature 0
3379 4033.9999999999995 3731 4033.9999999999995 3731 4502 3379 4502 signature 0
3343 4483 3723 4483 3723 4773 3343 4773 signature 0
3299 4773 3712 4773 3712 4993 3299 4993 signature 0
3216 5018 3725 5018 3725 5244 3216 5244 signature 0
3213 5200 3712 5200 3712 5498 3213 5498 signature 0
3194 5393 3665 5393 3665 5641 3194 5641 signature 0