2161 1458 2503 1458 2503 1762.9999999999998 2161 1762.9999999999998 signature 0
1966 1848 2366 1848 2366 2078 1966 2078 signature 0
1972 2134 2390 2134 2390 2373 1972 2373 signature 0
1927.9999999999998 2408 2252 2408 2252 2576 1927.9999999999998 2576 signature 0
1829 2522 2265 2522 2265 2757 1829 2757 signature 0
2268 2736 2686 2736 2686 2984 2268 2984 signature 0
2622.0000000000005 2890 3108 2890 3108 3252 2622.0000000000005 3252 signature 0
1968 3284.0000000000005 2355 3284.0000000000005 2355 3557 1968 3557 signature 0
1917 3587 2349 3587 2349 3793.9999999999995 1917 3793.9999999999995 signature 0
1716 3755 2126 3755 2126 3994.9999999999995 1716 3994.9999999999995 signature 0
1632 3976 1950 3976 1950 4143 1632 4143 signature 0
1857 3975 2250 3975 2250 4346 1857 4346 signature 0