2926 5215 4035 5215 4035 5744 2926 5744 stamp 0
2692 3913.0000000000005 3481 3913.0000000000005 3481 4204 2692 4204 signature 0
2644 4151 2998 4151 2998 4363 2644 4363 signature 0
2562 4314 3073 4314 3073 4467 2562 4467 signature 0
2658 4409 3247 4409 3247 4725 2658 4725 signature 0
2598 4687 3426 4687 3426 4910 2598 4910 signature 0
2530 4858 2944 4858 2944 5059 2530 5059 signature 0
2550 4944 3079 4944 3079 5224 2550 5224 signature 0
2514 5142 3006 5142 3006 5337 2514 5337 signature 0
2081 5226 2445 5226 2445 5363 2081 5363 signature 0
2324 5363 2671 5363 2671 5638 2324 5638 signature 0
1979 5591 2436 5591 2436 5740 1979 5740 signature 0