2236 236.99999999999997 2577 236.99999999999997 2577 464.99999999999994 2236 464.99999999999994 signature 0
1544 448 1995 448 1995 621 1544 621 signature 0
1493 541 2185 541 2185 929 1493 929 signature 0
1560 896 1834 896 1834 1115 1560 1115 signature 0
1413 1069 1847 1069 1847 1517 1413 1517 signature 0
1556 1457 1995 1457 1995 1825 1556 1825 signature 0
1413 1879.9999999999998 1800 1879.9999999999998 1800 2159 1413 2159 signature 0
1286 2116 1716 2116 1716 2349 1286 2349 signature 0
1467 2433 1741 2433 1741 2649 1467 2649 signature 0
1417 2691 1703 2691 1703 3084 1417 3084 signature 0
1176 3096.9999999999995 1492 3096.9999999999995 1492 3409 1176 3409 signature 0
1421 3443 1855 3443 1855 3671 1421 3671 signature 0
1467 3768 1923 3768 1923 4051 1467 4051 signature 0
1527 4084.9999999999995 1813 4084.9999999999995 1813 4339 1527 4339 signature 0
1438 4330 1872 4330 1872 4677 1438 4677 signature 0
1429 4660 1800 4660 1800 4862 1429 4862 signature 0
1332 4922 1771.0000000000002 4922 1771.0000000000002 5179 1332 5179 signature 0
1265 5209 1699 5209 1699 5526 1265 5526 signature 0
1269 5458 1758 5458 1758 5750 1269 5750 signature 0