3284 25 3608 25 3608 185 3284 185 signature 0
2810 181 3061 181 3061 369 2810 369 signature 0
2384 248.00000000000003 3245 248.00000000000003 3245 655 2384 655 signature 0
2008 506.00000000000006 2577 506.00000000000006 2577 754 2008 754 signature 0
2053 751 2603 751 2603 951 2053 951 signature 0
2664 951 3083 951 3083 1139 2664 1139 signature 0
2950 1330 3490 1330 3490 1562 2950 1562 signature 0
2902 1552.0000000000002 3350 1552.0000000000002 3350 1715 2902 1715 signature 0
2759 1699.0000000000002 3191 1699.0000000000002 3191 1943.9999999999998 2759 1943.9999999999998 signature 0
2979 1799.9999999999998 3360 1799.9999999999998 3360 2100 2979 2100 signature 0
3316 2115 3579 2115 3579 2389 3316 2389 signature 0
2727 2319 3061 2319 3061 2542 2727 2542 signature 0
3252 2424 4021 2424 4021 2710 3252 2710 signature 0
3036 2755 3563 2755 3563 3104.9999999999995 3036 3104.9999999999995 signature 0
2976 3108 3302 3108 3302 3296 2976 3296 signature 0
2766 2752 3092 2752 3092 2936 2766 2936 signature 0
3030 3331 3360 3331 3360 3496.0000000000005 3030 3496.0000000000005 signature 0