2178 46 2628 46 2628 178 2178 178 signature 0
2136 182 2594 182 2594 390.99999999999994 2136 390.99999999999994 signature 0
1571 337 2200 337 2200 535 1571 535 signature 0
1791 519 2192 519 2192 671 1791 671 signature 0
1492 705 1749 705 1749 876 1492 876 signature 0
1821 770 2279 770 2279 1058 1821 1058 signature 0
1950 1119 2306 1119 2306 1380 1950 1380 signature 0
1499 1319 2086 1319 2086 1486 1499 1486 signature 0
1730 1365 2181 1365 2181 1581 1730 1581 signature 0
2755 1616.0000000000002 3037 1616.0000000000002 3037 1782.9999999999998 2755 1782.9999999999998 signature 0
1532 1800 1937 1800 1937 2015 1532 2015 signature 0
1782 1969.9999999999998 2278 1969.9999999999998 2278 2148 1782 2148 signature 0
1479 2170 1780 2170 1780 2334 1479 2334 signature 0
2121 2280 2387 2280 2387 2487 2121 2487 signature 0
1911 2459 2468 2459 2468 2851 1911 2851 signature 0
1563 2858 1799 2858 1799 2935 1563 2935 signature 0
1665 3038 1879 3038 1879 3210 1665 3210 signature 0
1671 3105 2157 3105 2157 3388 1671 3388 signature 0
1639 3365 2169 3365 2169 3644 1639 3644 signature 0
1942 3570 2196 3570 2196 3780 1942 3780 signature 0
1681 3779 1994 3779 1994 3973.0000000000005 1681 3973.0000000000005 signature 0
1599 3957 2237 3957 2237 4242 1599 4242 signature 0
1530 4288 1892 4288 1892 4454 1530 4454 signature 0
1614 4333 2027 4333 2027 4660 1614 4660 signature 0
2028 4611 2609 4611 2609 4884 2028 4884 signature 0
2023 4861 2714 4861 2714 5041 2023 5041 signature 0
2001 5029 2431 5029 2431 5276 2001 5276 signature 0
1916 5224 2727 5224 2727 5474 1916 5474 signature 0
2380 5388 2805 5388 2805 5562 2380 5562 signature 0
2177 5526 3221 5526 3221 5791 2177 5791 signature 0