3785 378.99999999999994 4295 378.99999999999994 4295 616 3785 616 signature 0
3680 785 4037 785 4037 964.0000000000001 3680 964.0000000000001 signature 0
3190 821.9999999999999 3605 821.9999999999999 3605 1033 3190 1033 signature 0
3327 885 3757 885 3757 1117 3327 1117 signature 0
3843 1016.9999999999999 4216 1016.9999999999999 4216 1312 3843 1312 signature 0
3801 1217 4026 1217 4026 1402 3801 1402 signature 0
3279 1301 3942 1301 3942 1676 3279 1676 signature 0
3743 1618 4184 1618 4184 1848.9999999999998 3743 1848.9999999999998 signature 0
3727 1907 4042 1907 4042 2081 3727 2081 signature 0
3632 2197 3910 2197 3910 2403 3632 2403 signature 0
3743 2545 4216 2545 4216 2798 3743 2798 signature 0