2402 212.99999999999997 2869 212.99999999999997 2869 457.99999999999994 2402 457.99999999999994 signature 0
2498 411.00000000000006 2798 411.00000000000006 2798 595 2498 595 signature 0
2368 571 2801 571 2801 848 2368 848 signature 0
2505 836 2710 836 2710 959 2505 959 signature 0
2447 1013 2838 1013 2838 1202 2447 1202 signature 0
2470 1222 2819 1222 2819 1384 2470 1384 signature 0
2466 1337 2865 1337 2865 1604 2466 1604 signature 0
2369 1588 2774 1588 2774 1795.9999999999998 2369 1795.9999999999998 signature 0
2388 1735 2736 1735 2736 2048 2388 2048 signature 0
2409 1955 3173 1955 3173 2176 2409 2176 signature 0
2418 2134 2747 2134 2747 2345 2418 2345 signature 0
2378 2431 2928 2431 2928 2589 2378 2589 signature 0