2329 55.99999999999999 2921 55.99999999999999 2921 253 2329 253 signature 0
2462 140 3017 140 3017 379.00000000000006 2462 379.00000000000006 signature 0
2433 426.00000000000006 2871 426.00000000000006 2871 652 2433 652 signature 0
1797 629 2451 629 2451 780 1797 780 signature 0
1689 746 2151 746 2151 1021 1689 1021 signature 0
1668 1023 2087 1023 2087 1220 1668 1220 signature 0
1948 1159 2348 1159 2348 1457 1948 1457 signature 0
2941 1426 3406 1426 3406 1705 2941 1705 signature 0
2457 1731 2998 1731 2998 1938 2457 1938 signature 0
1949 1951 2303 1951 2303 2114 1949 2114 signature 0
2249 2017.0000000000002 2885 2017.0000000000002 2885 2292 2249 2292 signature 0
2038 2284 2655 2284 2655 2462 2038 2462 signature 0
2063 2381 2587 2381 2587 2652 2063 2652 signature 0
2626 2437 3078 2437 3078 2836 2626 2836 signature 0
2185 2951.9999999999995 2575 2951.9999999999995 2575 3142 2185 3142 signature 0
2281 3186.0000000000005 2865 3186.0000000000005 2865 3376 2281 3376 signature 0
2263 3395 2545 3395 2545 3594 2263 3594 signature 0