3826 359 4024 359 4024 597 3826 597 signature 0
3826 658 4024 658 4024 978 3826 978 signature 0
3821 1017 4018 1017 4018 1310 3821 1310 signature 0
3815 1387 4024 1387 4024 1657.9999999999998 3815 1657.9999999999998 signature 0
3810 1741 4013 1741 4013 2067 3810 2067 signature 0
3799 2117 4035 2117 4035 2404 3799 2404 signature 0
3804 2404 4024 2404 4024 2752 3804 2752 signature 0
3738.0000000000005 2741 4013 2741 4013 3077.9999999999995 3738.0000000000005 3077.9999999999995 signature 0
3771 3077.9999999999995 4024 3077.9999999999995 4024 3431.9999999999995 3771 3431.9999999999995 signature 0
3754 3415 4046 3415 4046 3785 3754 3785 signature 0
3727 3801.9999999999995 4035 3801.9999999999995 4035 4134 3727 4134 signature 0
3777 4150 4035 4150 4035 4476 3777 4476 signature 0
3760 4487 4024 4487 4024 4824 3760 4824 signature 0
3738.0000000000005 4852 4018 4852 4018 5162 3738.0000000000005 5162 signature 0
3738.0000000000005 5178 4002 5178 4002 5488 3738.0000000000005 5488 signature 0
3743 5499 4035 5499 4035 5808 3743 5808 signature 0