2682 57.00000000000001 3080 57.00000000000001 3080 150 2682 150 signature 0
2740 153 3131 153 3131 370 2740 370 signature 0
2673 355 3127 355 3127 592 2673 592 signature 0
2572 419 2939 419 2939 786 2572 786 signature 0
2934 689 3230 689 3230 923 2934 923 signature 0
1993 905 2202 905 2202 1102 1993 1102 signature 0
2314 1078 2566 1078 2566 1302 2314 1302 signature 0
2457 1229 3030 1229 3030 1430 2457 1430 signature 0
2336 1478 2678 1478 2678 1685 2336 1685 signature 0
2342 1560.0000000000002 2924 1560.0000000000002 2924 1767 2342 1767 signature 0
2351 1738.9999999999998 2751 1738.9999999999998 2751 1925 2351 1925 signature 0
2314 1940 2684 1940 2684 2137 2314 2137 signature 0
2451 2082 2769 2082 2769 2268 2451 2268 signature 0
2393 2256 2769 2256 2769 2447 2393 2447 signature 0
2478 2365 3027 2365 3027 2589 2478 2589 signature 0
2302 2571 2717 2571 2717 2817 2302 2817 signature 0
2487 2635 2875 2635 2875 2905 2487 2905 signature 0
2612 2835 2857 2835 2857 3133.0000000000005 2612 3133.0000000000005 signature 0
2512 3124 2863 3124 2863 3279.0000000000005 2512 3279.0000000000005 signature 0
2524 3260 2909 3260 2909 3488 2524 3488 signature 0
2242 3415 2560 3415 2560 3663.9999999999995 2242 3663.9999999999995 signature 0
2612 3600 2991 3600 2991 3895 2612 3895 signature 0
1959 3798 2429 3798 2429 3974 1959 3974 signature 0
2691 3804 3264 3804 3264 4126 2691 4126 signature 0
2782 4104 3079 4104 3079 4274 2782 4274 signature 0
2530 4302 2954 4302 2954 4566 2530 4566 signature 0
2436 4523 2772 4523 2772 4699 2436 4699 signature 0
2600 4605 2915 4605 2915 4802 2600 4802 signature 0
2761 4739 3085 4739 3085 4942 2761 4942 signature 0
2002 4900 2372 4900 2372 5097 2002 5097 signature 0
2305 5012 2781 5012 2781 5291 2305 5291 signature 0
2229 5255 2763 5255 2763 5543 2229 5543 signature 0
2193 5510 2742 5510 2742 5716 2193 5716 signature 0