2106 2986 2325 2986 2325 3121.0000000000005 2106 3121.0000000000005 signature 0
2183 3141 2585 3141 2585 3262 2183 3262 signature 0
2325 3243 2804 3243 2804 3400 2325 3400 signature 0
2118 3449 2526 3449 2526 3591.0000000000005 2118 3591.0000000000005 signature 0
2230 3603 2529 3603 2529 3822 2230 3822 signature 0
2120 3860 2546 3860 2546 4131 2120 4131 signature 0
2191 4347 2502 4347 2502 4448 2191 4448 signature 0
1904 4495 2355 4495 2355 4791 1904 4791 signature 0
1885 4597 2407 4597 2407 4908 1885 4908 signature 0
1536 4880 2123 4880 2123 5187 1536 5187 signature 0
2107 4985 2820 4985 2820 5266 2107 5266 signature 0
2207 5262 2764 5262 2764 5460 2207 5460 signature 0
2196 5370 2917 5370 2917 5656 2196 5656 signature 0