1985 305 2610 305 2610 532 1985 532 signature 0
1947 569 2414 569 2414 766 1947 766 signature 0
1974 777.0000000000001 2814 777.0000000000001 2814 1045 1974 1045 signature 0
2019 1045 2641 1045 2641 1263 2019 1263 signature 0
1868 1177 2569 1177 2569 1460 1868 1460 signature 0
1823 1712.0000000000002 2486 1712.0000000000002 2486 2033 1823 2033 signature 0
2038 23 2531 23 2531 207 2038 207 signature 0
1936 1380 2505 1380 2505 1745.9999999999998 1936 1745.9999999999998 signature 0
1759 2029.0000000000002 2166 2029.0000000000002 2166 2252 1759 2252 signature 0
2321 2187 2957 2187 2957 2561 2321 2561 signature 0
2000 2531 2897 2531 2897 2923.0000000000005 2000 2923.0000000000005 signature 0
1963 3002.0000000000005 2678 3002.0000000000005 2678 3364 1963 3364 signature 0