2517 3688 2933 3688 2933 3839 2517 3839 signature 0
2544 3818 3152 3818 3152 4034 2544 4034 signature 0
2613 3949 3089 3949 3089 4311 2613 4311 signature 0
2484 4226 3074 4226 3074 4452 2484 4452 signature 0
2608 4453 2980 4453 2980 4619 2608 4619 signature 0
2595 4615 2856 4615 2856 4857 2595 4857 signature 0
2612 4868 2878 4868 2878 5086 2612 5086 signature 0
2599 5014 2934 5014 2934 5224 2599 5224 signature 0
2498 5248 2971 5248 2971 5446 2498 5446 signature 0
2636 5405 2969 5405 2969 5591 2636 5591 signature 0
2664 5630 2971 5630 2971 5807 2664 5807 signature 0
2850 5090 3928 5090 3928 5595 2850 5595 stamp 0