3202 684 3955 684 3955 885.9999999999999 3202 885.9999999999999 signature 0
2524 819.9999999999999 3059 819.9999999999999 3059 1071 2524 1071 signature 0
2647 991.9999999999999 3330 991.9999999999999 3330 1247 2647 1247 signature 0
2412 1157 3191 1157 3191 1409 2412 1409 signature 0
2580 1369 3149 1369 3149 1584 2580 1584 signature 0
2868 1501.0000000000002 3489 1501.0000000000002 3489 1752.9999999999998 2868 1752.9999999999998 signature 0
2795 1818.9999999999998 3109 1818.9999999999998 3109 2057 2795 2057 signature 0
2984 2020 3287 2020 3287 2477 2984 2477 signature 0
2858 2301 3535 2301 3535 2632 2858 2632 signature 0
3238 2579 3588 2579 3588 2850 3238 2850 signature 0
3529 3065 3912 3065 3912 3449 3529 3449 signature 0
3199 3376 3512 3376 3512 3614 3199 3614 signature 0
3549 3515 3866 3515 3866 3760 3549 3760 signature 0
3883 3934 4075 3934 4075 4124 3883 4124 signature 0
3062 4090 3470 4090 3470 4340 3062 4340 signature 0
2968 4287 3284 4287 3284 4464 2968 4464 signature 0
3505 4374 4024 4374 4024 4761 3505 4761 signature 0
3849 4558 4073 4558 4073 4781 3849 4781 signature 0