509.99999999999994 1428 877.0000000000001 1428 877.0000000000001 1581 509.99999999999994 1581 signature 0
492 1633 960.9999999999999 1633 960.9999999999999 1798 492 1798 signature 0
489.00000000000006 1823 733 1823 733 1974 489.00000000000006 1974 signature 0
489.00000000000006 2027 731 2027 731 2197 489.00000000000006 2197 signature 0
508 2234 754 2234 754 2422 508 2422 signature 0
506 2425 761 2425 761 2598 506 2598 signature 0
502.99999999999994 2620 729 2620 729 2801 502.99999999999994 2801 signature 0
491 2812 761 2812 761 2982 491 2982 signature 0
461 2996 720 2996 720 3167 461 3167 signature 0
489.00000000000006 3207 759 3207 759 3360 489.00000000000006 3360 signature 0
463 3398 713 3398 713 3555 463 3555 signature 0
501 3593 756 3593 756 3746 501 3746 signature 0
519 3792 742 3792 742 3964 519 3964 signature 0