344 3291 726 3291 726 3493 344 3493 signature 0
283 3496 671 3496 671 3759 283 3759 signature 0
264 3814 689 3814 689 3979 264 3979 signature 0
347 3918 903 3918 903 4206 347 4206 signature 0
322 4209 674 4209 674 4417 322 4417 signature 0
325 4308 673 4308 673 4561 325 4561 signature 0
331 4555 632 4555 632 4751 331 4751 signature 0
354 4743 841 4743 841 4962 354 4962 signature 0
275 4966 648 4966 648 5297 275 5297 signature 0
219 5223 614 5223 614 5536 219 5536 signature 0
284 5396 760 5396 760 5691 284 5691 signature 0
2995 3390.9999999999995 3923 3390.9999999999995 3923 3873 2995 3873 stamp 0