3237 119 3768 119 3768 503 3237 503 signature 0
3242 523 3719 523 3719 811 3242 811 signature 0
3222 966.0000000000001 3674 966.0000000000001 3674 1200 3222 1200 signature 0
3172 1204 3614 1204 3614 1588 3172 1588 signature 0
3113 1677.0000000000002 3773 1677.0000000000002 3773 2066 3113 2066 signature 0
3113 2110 3609 2110 3609 2314 3113 2314 signature 0
3073 2424 3390 2424 3390 2747 3073 2747 signature 0
3083 2966 3355 2966 3355 3175 3083 3175 signature 0
3028 3325 3365 3325 3365 3504 3028 3504 signature 0
2978 3678 3330 3678 3330 3897 2978 3897 signature 0
2988 4111 3475 4111 3475 4360 2988 4360 signature 0
2973 4514 3296 4514 3296 4758 2973 4758 signature 0
2963 4947 3375 4947 3375 5221 2963 5221 signature 0
2928 5221 3405 5221 3405 5490 2928 5490 signature 0