3205 3714 3735 3714 3735 4014 3205 4014 signature 0
3772 3878 4102 3878 4102 4309 3772 4309 signature 0
3335 4193 3975 4193 3975 4427 3335 4427 signature 0
2449 4470 2934 4470 2934 4688 2449 4688 signature 0
2266 4682 2712 4682 2712 4968 2266 4968 signature 0
2743 4883 3070 4883 3070 5092 2743 5092 signature 0
2956 5034 3459 5034 3459 5226 2956 5226 signature 0
2658 5211 3086 5211 3086 5426 2658 5426 signature 0
2497 5548 3146 5548 3146 5775 2497 5775 signature 0
3451 5265 3954 5265 3954 5551 3451 5551 signature 0
2829.9999999999995 4356 4004 4356 4004 4893 2829.9999999999995 4893 stamp 0