3486 218 4082 218 4082 508 3486 508 signature 0
3411 467 3765 467 3765 651 3411 651 signature 0
3254 566 3714 566 3714 876 3254 876 signature 0
2804 658 3185 658 3185 1057 2804 1057 signature 0
3367 955 3980 955 3980 1125 3367 1125 signature 0
2518 1132 2971 1132 2971 1432 2518 1432 signature 0
2381 1425 2838 1425 2838 1562 2381 1562 signature 0
2231 1650 2756 1650 2756 1889 2231 1889 signature 0
2310 1848 2613 1848 2613 2101 2310 2101 signature 0
2211 2135 2664 2135 2664 2404 2211 2404 signature 0
2037 2360 2350 2360 2350 2581 2037 2581 signature 0
1849 2476 2125 2476 2125 2714 1849 2714 signature 0
1699 2605 2207 2605 2207 2779 1699 2779 signature 0
2092 2728 2637 2728 2637 3008 2092 3008 signature 0
1945 2933 2357 2933 2357 3257.0000000000005 1945 3257.0000000000005 signature 0
1757 3260 2101 3260 2101 3461 1757 3461 signature 0
1699 3433.9999999999995 2180 3433.9999999999995 2180 3615 1699 3615 signature 0
1710 3584 2020 3584 2020 3754 1710 3754 signature 0