2993 871 3394 871 3394 1135 2993 1135 signature 0
2915 1462 3369 1462 3369 1837.9999999999998 2915 1837.9999999999998 signature 0
1905 2068 2420 2068 2420 2274 1905 2274 signature 0
2169 2236 2759 2236 2759 2535 2169 2535 signature 0
1841.9999999999998 2510 2399 2510 2399 2781 1841.9999999999998 2781 signature 0
1432 2746 2022 2746 2022 3004 1432 3004 signature 0
2723 2765 3297 2765 3297 3138 2723 3138 signature 0
2399 3048 2719 3048 2719 3275 2399 3275 signature 0
2328 3262.9999999999995 2772 3262.9999999999995 2772 3476.9999999999995 2328 3476.9999999999995 signature 0
2147 3461.9999999999995 3048 3461.9999999999995 3048 3800.9999999999995 2147 3800.9999999999995 signature 0
1562 3810 2237 3810 2237 3968.9999999999995 1562 3968.9999999999995 signature 0
2670 3938 3387 3938 3387 4351 2670 4351 signature 0
2881 4323 3338 4323 3338 4644 2881 4644 signature 0
2013 4756 2442 4756 2442 4964 2013 4964 signature 0
2337 5051 2722 5051 2722 5315 2337 5315 signature 0
1746 5315 2134 5315 2134 5558 1746 5558 signature 0
3152 5645 3629.9999999999995 5645 3629.9999999999995 5838 3152 5838 signature 0
3665 1723 4085 1723 4085 2006 3665 2006 signature 0