1858 2294 2201 2294 2201 2426 1858 2426 signature 0
1797 2640 2124 2640 2124 2818 1797 2818 signature 0
2213 2790 2540 2790 2540 3237 2213 3237 signature 0
2009 3323.0000000000005 2397 3323.0000000000005 2397 3541 2009 3541 signature 0
2004 3611 2417 3611 2417 3841 2004 3841 signature 0
1964 3875.9999999999995 2275 3875.9999999999995 2275 4040.9999999999995 1964 4040.9999999999995 signature 0
1852 3999 2284 3999 2284 4222 1852 4222 signature 0
2281 4224 2697 4224 2697 4458 2281 4458 signature 0
2631 4391 3114 4391 3114 4728 2631 4728 signature 0
1976 4766 2353 4766 2353 5025 1976 5025 signature 0
1909 5070 2342 5070 2342 5264 1909 5264 signature 0
1622 5445 1940 5445 1940 5595 1622 5595 signature 0
1718 5220 2114 5220 2114 5450 1718 5450 signature 0
1840 5457 2237 5457 2237 5753 1840 5753 signature 0
2565 4878 3672 4878 3672 5441 2565 5441 stamp 0