3308 1149 3539 1149 3539 1273 3308 1273 signature 0
3783 1308 3929 1308 3929 1457 3783 1457 signature 0
3558 1638.0000000000002 3910 1638.0000000000002 3910 1859 3558 1859 signature 0
3502 1893.9999999999998 3770 1893.9999999999998 3770 2039.0000000000002 3502 2039.0000000000002 signature 0
3549 2029 3897 2029 3897 2216 3549 2216 signature 0
3533 2337 3830 2337 3830 2477 3533 2477 signature 0
3477 2503 3875 2503 3875 2661 3477 2661 signature 0
3320 2644 3672 2644 3672 2866 3320 2866 signature 0
3460 2782 3875 2782 3875 2965 3460 2965 signature 0
3316 3050 3650 3050 3650 3193 3316 3193 signature 0
3332 3289 3745 3289 3745 3405 3332 3405 signature 0