2116 1801 2613 1801 2613 1999 2116 1999 signature 0
2008 2002 2387 2002 2387 2172 2008 2172 signature 0
1876 2164 2181 2164 2181 2431 1876 2431 signature 0
1792.9999999999998 2401 2076 2401 2076 2558 1792.9999999999998 2558 signature 0
1876 2536 2145 2536 2145 2762 1876 2762 signature 0
2314 2671 2759 2671 2759 2985 2314 2985 signature 0
1802 2808 2275 2808 2275 3183 1802 3183 signature 0
1722.0000000000002 3108 2052 3108 2052 3364 1722.0000000000002 3364 signature 0
2008 3342 2396 3342 2396 3610 2008 3610 signature 0
1945 3579 2220 3579 2220 3816 1945 3816 signature 0
2102 3612 2462 3612 2462 3849 2102 3849 signature 0
1981 3739 2357 3739 2357 3921 1981 3921 signature 0
2060 3857 2431 3857 2431 4014 2060 4014 signature 0