3071 50.00000000000001 3466 50.00000000000001 3466 192 3071 192 signature 0
3080 152 3450 152 3450 300 3080 300 signature 0
3023 295 3354 295 3354 464 3023 464 signature 0
3007 534 3460 534 3460 665 3007 665 signature 0
2930 659 3256 659 3256 848 2930 848 signature 0
2882 852 3189 852 3189 1007 2882 1007 signature 0
2898 1029 3459 1029 3459 1204 2898 1204 signature 0
2914 1188 3252 1188 3252 1366 2914 1366 signature 0
2883 1374 3243 1374 3243 1533 2883 1533 signature 0
2891 1612 3217 1612 3217 1754 2891 1754 signature 0
2875 1702 3301 1702 3301 1962 2875 1962 signature 0
2810 1989.0000000000002 3041 1989.0000000000002 3041 2219 2810 2219 signature 0
2853 2177 3129 2177 3129 2349 2853 2349 signature 0
2810 2351 3111 2351 3111 2531 2810 2531 signature 0
2777 2489 3174 2489 3174 2721 2777 2721 signature 0
2752 2714 3155 2714 3155 2874 2752 2874 signature 0
2769 2890 3169 2890 3169 3042.9999999999995 2769 3042.9999999999995 signature 0
2775 3038 3125 3038 3125 3253.0000000000005 2775 3253.0000000000005 signature 0
2687 3286 3069 3286 3069 3442 2687 3442 signature 0
3080 3441 3437 3441 3437 3578 3080 3578 signature 0
2800 3662.0000000000005 3141 3662.0000000000005 3141 3843 2800 3843 signature 0
2854 3794.9999999999995 3173 3794.9999999999995 3173 4018.0000000000005 2854 4018.0000000000005 signature 0
2893 4017 3348 4017 3348 4182 2893 4182 signature 0
3252 4170 3577 4170 3577 4324 3252 4324 signature 0
2997 4379 3301 4379 3301 4506 2997 4506 signature 0
2976 4553 3211 4553 3211 4700 2976 4700 signature 0
2816 4751 3104 4751 3104 4911 2816 4911 signature 0
2839 4904 3299 4904 3299 5057 2839 5057 signature 0
2766 5100 3170 5100 3170 5239 2766 5239 signature 0
2790 5265 3354 5265 3354 5385 2790 5385 signature 0
3315 5466 3689 5466 3689 5657 3315 5657 signature 0