3490 87 3935.0000000000005 87 3935.0000000000005 253 3490 253 signature 0
1974 354 2404 354 2404 517 1974 517 signature 0
2336 544 2760 544 2760 729 2336 729 signature 0
1688 796.9999999999999 2210 796.9999999999999 2210 991 1688 991 signature 0
2390 977 2820 977 2820 1268 2390 1268 signature 0
2518 1276 3067 1276 3067 1497 2518 1497 signature 0
2682 1567.0000000000002 3252 1567.0000000000002 3252 1769 2682 1769 signature 0
2605 1750 3122 1750 3122 1910.0000000000002 2605 1910.0000000000002 signature 0
2641 1899 3086 1899 3086 2052 2641 2052 signature 0
2978 1983.9999999999998 3280 1983.9999999999998 3280 2142 2978 2142 signature 0
2837 2104 3119 2104 3119 2264 2837 2264 signature 0
2978 2191 3440 2191 3440 2408 2978 2408 signature 0
2662 2387 2967 2387 2967 2626 2662 2626 signature 0
3150 2506 3489 2506 3489 2732 3150 2732 signature 0
2975 2738 3386 2738 3386 2936.0000000000005 2975 2936.0000000000005 signature 0
2790 2955 3081 2955 3081 3146 2790 3146 signature 0
2804 3124 3119 3124 3119 3333.9999999999995 2804 3333.9999999999995 signature 0
2369 3372.0000000000005 2836 3372.0000000000005 2836 3527 2369 3527 signature 0
2869 3513 3168 3513 3168 3712 2869 3712 signature 0
2894 3706 3206 3706 3206 3921 2894 3921 signature 0
3324 3821.0000000000005 3731 3821.0000000000005 3731 4077 3324 4077 signature 0
3215 4025 3402 4025 3402 4153 3215 4153 signature 0