3311 989 3620 989 3620 1209 3311 1209 signature 0
3182 1306 3671 1306 3671 1499 3182 1499 signature 0
3236 1454 3646 1454 3646 1703.9999999999998 3236 1703.9999999999998 signature 0
3236 1663 3657 1663 3657 1939.9999999999998 3236 1939.9999999999998 signature 0
3196 1886 3620 1886 3620 2058 3196 2058 signature 0
3172 2064 3646 2064 3646 2254 3172 2254 signature 0
3115 2187 3762 2187 3762 2453 3115 2453 signature 0
3056 2429 3622 2429 3622 2727 3056 2727 signature 0
3180 2614 3698 2614 3698 2945 3180 2945 signature 0
3169 2913 3429 2913 3429 3173 3169 3173 signature 0
2994 5468 3515 5468 3515 5659 2994 5659 signature 0
3024 5140 3579 5140 3579 5500 3024 5500 signature 0
3013 4976 3464 4976 3464 5261 3013 5261 signature 0
3101 4764 3526 4764 3526 4989 3101 4989 signature 0
3143 4471 3527 4471 3527 4758 3143 4758 signature 0
3183 4012.9999999999995 3554 4012.9999999999995 3554 4497 3183 4497 signature 0
2978 3879.9999999999995 3469 3879.9999999999995 3469 4185 2978 4185 signature 0
3046 3609 3434 3609 3434 3950 3046 3950 signature 0
2887 3060.9999999999995 3504 3060.9999999999995 3504 3466 2887 3466 signature 0
3089 3294.9999999999995 3595 3294.9999999999995 3595 3686 3089 3686 signature 0