3833 395.99999999999994 4078 395.99999999999994 4078 674 3833 674 signature 0
3817 711 4145 711 4145 983 3817 983 signature 0
3827 1050 4125 1050 4125 1292 3827 1292 signature 0
3827 1292 4145 1292 4145 1642 3827 1642 signature 0
3812 1653 4114 1653 4114 1962 3812 1962 signature 0
3817 2029 4120 2029 4120 2291 3817 2291 signature 0
3812 2312 4120 2312 4120 2605 3812 2605 signature 0
3797 2626 4099 2626 4099 2955 3797 2955 signature 0
3797 2935 4145 2935 4145 3187 3797 3187 signature 0
3822 3151 4120 3151 4120 3398.0000000000005 3822 3398.0000000000005 signature 0
3807 3475 4125 3475 4125 3748 3807 3748 signature 0