2257 872.9999999999999 2686 872.9999999999999 2686 1160 2257 1160 signature 0
2165 1118 2663 1118 2663 1403 2165 1403 signature 0
2182 1377 2599 1377 2599 1637 2182 1637 signature 0
2042 1603 2415 1603 2415 1837.9999999999998 2042 1837.9999999999998 signature 0
2131 1762 2800 1762 2800 1976.9999999999998 2131 1976.9999999999998 signature 0
2123 1983.0000000000002 2535 1983.0000000000002 2535 2181 2123 2181 signature 0
2198 2169 2530 2169 2530 2351 2198 2351 signature 0
2112 2206 2599 2206 2599 2577 2112 2577 signature 0
2140 2543 2457 2543 2457 2747 2140 2747 signature 0
2140 2669 2432 2669 2432 2972 2140 2972 signature 0
2271 2903 2744 2903 2744 3168 2271 3168 signature 0
2363 3101 2705 3101 2705 3274 2363 3274 signature 0
2145 3221 2641 3221 2641 3424.0000000000005 2145 3424.0000000000005 signature 0
2419 3494 2727 3494 2727 3658 2419 3658 signature 0
2282 3622.0000000000005 2858 3622.0000000000005 2858 3854 2282 3854 signature 0
2198 3734 2452 3734 2452 3932 2198 3932 signature 0
2215 3856 2580 3856 2580 4113 2215 4113 signature 0
2391 4032.0000000000005 2730 4032.0000000000005 2730 4261 2391 4261 signature 0
2293 4222 2666 4222 2666 4403 2293 4403 signature 0
2338 4163 2736 4163 2736 4581 2338 4581 signature 0
2388 4459 2792 4459 2792 4704 2388 4704 signature 0
2237 4673 2624.0000000000005 4673 2624.0000000000005 4916 2237 4916 signature 0
2170 4852 2513 4852 2513 5047 2170 5047 signature 0
2134 5047 2404 5047 2404 5195 2134 5195 signature 0
2070 5170 2438 5170 2438 5323 2070 5323 signature 0