2232 550 2441 550 2441 730 2232 730 signature 0
2177 809.9999999999999 2531.0000000000005 809.9999999999999 2531.0000000000005 1015 2177 1015 signature 0
2162 1055 2491 1055 2491 1250 2162 1250 signature 0
2062 1250 2556 1250 2556 1595 2062 1595 signature 0
1957 1585 2421 1585 2421 1819.9999999999998 1957 1819.9999999999998 signature 0
1862 1835.0000000000002 2441 1835.0000000000002 2441 2090 1862 2090 signature 0
1877 2090 2431 2090 2431 2275 1877 2275 signature 0
2067 2295 2371 2295 2371 2595 2067 2595 signature 0
1967 2610 2380.9999999999995 2610 2380.9999999999995 2890 1967 2890 signature 0
1932 2895 2321 2895 2321 3135 1932 3135 signature 0
2042 3165 2366 3165 2366 3455 2042 3455 signature 0
1882 3390 2246 3390 2246 3660 1882 3660 signature 0
2027 3685 2311 3685 2311 3905 2027 3905 signature 0
1827 3905 2276 3905 2276 4205 1827 4205 signature 0
1907 4125 2211 4125 2211 4425 1907 4425 signature 0
1947 4965 2211 4965 2211 5155 1947 5155 signature 0
1857 5155 2251 5155 2251 5415 1857 5415 signature 0
2157 5455 2386 5455 2386 5650 2157 5650 signature 0
1972 5635 2386 5635 2386 6000 1972 6000 signature 0
3157 4355 3710 4355 3710 4665 3157 4665 signature 0
3117 4635 3595 4635 3595 4880 3117 4880 signature 0