1749 262 2217 262 2217 521 1749 521 signature 0
1895 366 2518 366 2518 792.0000000000001 1895 792.0000000000001 signature 0
1994 848 2342 848 2342 1072 1994 1072 signature 0
1568 1188 2337 1188 2337 1489 1568 1489 signature 0
1452 1466.9999999999998 1993 1466.9999999999998 1993 1769.0000000000002 1452 1769.0000000000002 signature 0
1542 1816 2075 1816 2075 2091 1542 2091 signature 0
1581 2307 2006 2307 2006 2621 1581 2621 signature 0
1779 2087 2187 2087 2187 2302 1779 2302 signature 0
2028 4910 2393 4910 2393 5422 2028 5422 signature 0
3070 4867 3516 4867 3516 5108 3070 5108 signature 0
3238 4639 3748 4639 3748 4923 3238 4923 signature 0
3362 3696.0000000000005 3740 3696.0000000000005 3740 3950 3362 3950 signature 0
3393 3968 3705 3968 3705 4127 3393 4127 signature 0
3431 4110 3753 4110 3753 4346 3431 4346 signature 0
3311 4398 3787 4398 3787 4695 3311 4695 signature 0
3405 4265 3770 4265 3770 4424 3405 4424 signature 0
2196 5370 2811 5370 2811 5697 2196 5697 signature 0
2127 5693 2871 5693 2871 5847 2127 5847 signature 0
1417 2698 1718 2698 1718 2994.9999999999995 1417 2994.9999999999995 signature 0
1194 2918 1980 2918 1980 3219.0000000000005 1194 3219.0000000000005 signature 0
1228 3167 1963 3167 1963 3529 1228 3529 signature 0
1215 3438 2023 3438 2023 3795 1215 3795 signature 0