3151 1043 3458 1043 3458 1279 3151 1279 signature 0
3014 1351 3571 1351 3571 1610.0000000000002 3014 1610.0000000000002 signature 0
3066 1526.0000000000002 3495 1526.0000000000002 3495 1785 3066 1785 signature 0
3074 1741 3503 1741 3503 2003.9999999999998 3074 2003.9999999999998 signature 0
3034 1957 3479 1957 3479 2136 3034 2136 signature 0
3010 2128 3388 2128 3388 2307 3010 2307 signature 0
2946 2220 3603 2220 3603 2534 2946 2534 signature 0
2922 2503 3475 2503 3475 2801 2922 2801 signature 0
3010 2694 3543 2694 3543 3052.0000000000005 3010 3052.0000000000005 signature 0
2990 2969 3324 2969 3324 3276 2990 3276 signature 0
2735 3144 3360 3144 3360 3551 2735 3551 signature 0
2887 3375 3463 3375 3463 3778 2887 3778 signature 0
2895 3689.9999999999995 3300 3689.9999999999995 3300 4057 2895 4057 signature 0
2823 3965.0000000000005 3328 3965.0000000000005 3328 4288 2823 4288 signature 0
3038 4109 3416 4109 3416 4595 3038 4595 signature 0
2998 4571 3416 4571 3416 4870 2998 4870 signature 0
2954 4854 3416 4854 3416 5117 2954 5117 signature 0
2887 5116 3411 5116 3411 5356 2887 5356 signature 0
2882 5230 3407 5230 3407 5597 2882 5597 signature 0
2868 5491 3344 5491 3344 5737 2868 5737 signature 0