3098 100.00000000000001 3419 100.00000000000001 3419 277 3098 277 signature 0
2829 270 3367 270 3367 480 2829 480 signature 0
2925 473.00000000000006 3382 473.00000000000006 3382 691 2925 691 signature 0
2940 658 3482 658 3482 883 2940 883 signature 0
3043 887 3626 887 3626 1064 3043 1064 signature 0
2836 1094 3423 1094 3423 1330 2836 1330 signature 0
2714 1275 3412 1275 3412 1474.9999999999998 2714 1474.9999999999998 signature 0
2906 1489 3397 1489 3397 1682 2906 1682 signature 0
2923 1675 3450 1675 3450 1862 2923 1862 signature 0
2903 1830 3341 1830 3341 2058 2903 2058 signature 0
2919 2045.0000000000002 3357 2045.0000000000002 3357 2290 2919 2290 signature 0
2565 2277 2980 2277 2980 2471 2565 2471 signature 0