3124 40 3441 40 3441 146 3124 146 signature 0
3200 234 3767 234 3767 429 3200 429 signature 0
3722 490.99999999999994 4049 490.99999999999994 4049 677 3722 677 signature 0
1694 551 2088 551 2088 947 1694 947 signature 0
3644 842 4035 842 4035 1132 3644 1132 signature 0
2854 1038 3645 1038 3645 1208 2854 1208 signature 0
3164 1504 3897 1504 3897 1755 3164 1755 signature 0
3229 1695 3688 1695 3688 1870.9999999999998 3229 1870.9999999999998 signature 0
3412 1866 3848.0000000000005 1866 3848.0000000000005 2026 3412 2026 signature 0
3448 1972 3944 1972 3944 2178 3448 2178 signature 0
3154 2106 4037 2106 4037 2470 3154 2470 signature 0
3314 2383 3871 2383 3871 2628 3314 2628 signature 0
3301 2571 3742 2571 3742 2760 3301 2760 signature 0
2619 2716 3125 2716 3125 2967 2619 2967 signature 0
3702 2845 4050 2845 4050 3305.0000000000005 3702 3305.0000000000005 signature 0
3663 3348 4080 3348 4080 3595.0000000000005 3663 3595.0000000000005 signature 0
3599 3681 4002 3681 4002 3921 3599 3921 signature 0
3875 3812 4075 3812 4075 4074 3875 4074 signature 0
3384 3999 3854 3999 3854 4283 3384 4283 signature 0
3490 4200 3907 4200 3907 4453 3490 4453 signature 0
3211 4411 3698 4411 3698 4671 3211 4671 signature 0
3443 4562 3963 4562 3963 4788 3443 4788 signature 0
3535 4790 3994 4790 3994 5155 3535 5155 signature 0
2710 5075 2979 5075 2979 5289 2710 5289 signature 0
2729 5228 2982 5228 2982 5593 2729 5593 signature 0