233 110 424 110 424 500 233 500 signature 0
465 129 637 129 637 493 465 493 signature 0
679 247.00000000000003 895 247.00000000000003 895 504.00000000000006 679 504.00000000000006 signature 0
785 125 1064 125 1064 530 785 530 signature 0
1135 118 1296 118 1296 530 1135 530 signature 0
1271 184 1410 184 1410 500 1271 500 signature 0
1403 121.00000000000001 1638 121.00000000000001 1638 512 1403 512 signature 0
1624 236 1844 236 1844 508 1624 508 signature 0
1871 199 2039 199 2039 548 1871 548 signature 0
2033 77 2282 77 2282 556 2033 556 signature 0
2276 155 2418 155 2418 556 2276 556 signature 0
2427 162 2584 162 2584 556 2427 556 signature 0
2548 209.99999999999997 2742 209.99999999999997 2742 707 2548 707 signature 0
2743 66 3040 66 3040 640 2743 640 signature 0
3041 140 3224 140 3224 563 3041 563 signature 0