2637 5037 3858 5037 3858 5578 2637 5578 stamp 0
2974 3594 3448 3594 3448 3841 2974 3841 signature 0
2858 3787 3291 3787 3291 4059 2858 4059 signature 0
2271 3974 2806 3974 2806 4197 2271 4197 signature 0
2257 4194 2707 4194 2707 4352 2257 4352 signature 0
2250 4296 2550 4296 2550 4446 2250 4446 signature 0
2213 4400 2615 4400 2615 4592 2213 4592 signature 0
2170 4553 2597 4553 2597 4711 2170 4711 signature 0
2138 4699 2737 4699 2737 4885 2138 4885 signature 0
2142 4868 2637 4868 2637 5050 2142 5050 signature 0
2096 5066 2573 5066 2573 5227 2096 5227 signature 0
2236 5425 2856 5425 2856 5668 2236 5668 signature 0
2311 5136 2867 5136 2867 5506 2311 5506 signature 0