2673 930 3171 930 3171 1144 2673 1144 signature 0
2797 1106 3118 1106 3118 1292 2797 1292 signature 0
2524 1261 2861 1261 2861 1534.0000000000002 2524 1534.0000000000002 signature 0
2670 1454 2976 1454 2976 1626.9999999999998 2670 1626.9999999999998 signature 0
2704 1620.9999999999998 3084 1620.9999999999998 3084 1837.9999999999998 2704 1837.9999999999998 signature 0
1994 1788 2288 1788 2288 1953 1994 1953 signature 0
2307 1887 2697 1887 2697 2080 2307 2080 signature 0
2623 2120 2895 2120 2895 2349 2623 2349 signature 0
2549 2334 2976 2334 2976 2492 2549 2492 signature 0
2558 2498 2942 2498 2942 2678 2558 2678 signature 0
2753 2675 3013 2675 3013 2811 2753 2811 signature 0
2580 2814 3081 2814 3081 3030.9999999999995 2580 3030.9999999999995 signature 0
2606 2989.9999999999995 3009 2989.9999999999995 3009 3205 2606 3205 signature 0
2867 3190 3220 3190 3220 3389 2867 3389 signature 0
2775 3393 3052 3393 3052 3534 2775 3534 signature 0
2540 3586 2904 3586 2904 3755.0000000000005 2540 3755.0000000000005 signature 0
2527 3699 2894 3699 2894 3957 2527 3957 signature 0
2460 3804 3260 3804 3260 4100 2460 4100 signature 0
2362 4098 2624.0000000000005 4098 2624.0000000000005 4282 2362 4282 signature 0
2490 4192 2718 4192 2718 4363 2490 4363 signature 0
2476 4383 2864 4383 2864 4640 2476 4640 signature 0
2518 4537 2936 4537 2936 4760 2518 4760 signature 0
2484 4571 3168 4571 3168 4955 2484 4955 signature 0
2368 4995 2859 4995 2859 5227 2368 5227 signature 0
2478 5147 2877 5147 2877 5317 2478 5317 signature 0
2743 5383 3213 5383 3213 5614 2743 5614 signature 0