234 530 692 530 692 819.9999999999999 234 819.9999999999999 signature 0
100 852 620 852 620 1077 100 1077 signature 0
307 1107 765 1107 765 1336 307 1336 signature 0
256 1289 580 1289 580 1485 256 1485 signature 0
220 1412 965 1412 965 1699.9999999999998 220 1699.9999999999998 signature 0
289 1656 903 1656 903 1903.9999999999998 289 1903.9999999999998 signature 0
282 1882 940 1882 940 2173 282 2173 signature 0
344 5318 711 5318 711 5562 344 5562 signature 0
413 5096 696 5096 696 5289 413 5289 signature 0
416 4932 747 4932 747 5125 416 5125 signature 0
409 4605 842 4605 842 4928 409 4928 signature 0
460 4495 831 4495 831 4648 460 4648 signature 0
573 4179 918 4179 918 4401 573 4401 signature 0
318 3821.9999999999995 831 3821.9999999999995 831 4200 318 4200 signature 0
387 3509 780 3509 780 3821.9999999999995 387 3821.9999999999995 signature 0
453 3356 860 3356 860 3629 453 3629 signature 0
282 2996 834 2996 834 3312 282 3312 signature 0
351 2315 914 2315 914 2766 351 2766 signature 0
271 2570 947 2570 947 3025 271 3025 signature 0