3763 55.99999999999999 4049 55.99999999999999 4049 221.00000000000003 3763 221.00000000000003 signature 0
1960 230 2220 230 2220 388 1960 388 signature 0
2023 406 2295 406 2295 620 2023 620 signature 0
2599 611 2927 611 2927 759 2599 759 signature 0
2327 760 2560 760 2560 927 2327 927 signature 0
2547 1094 2803 1094 2803 1268 2547 1268 signature 0
2640 1235 2962 1235 2962 1453 2640 1453 signature 0
2589 1526.9999999999998 2921 1526.9999999999998 2921 1768.0000000000002 2589 1768.0000000000002 signature 0
2463 1755 2868 1755 2868 2029.0000000000002 2463 2029.0000000000002 signature 0
3151 1963 3374 1963 3374 2279 3151 2279 signature 0
3238 2207 3643 2207 3643 2434 3238 2434 signature 0
2848 2476 3220 2476 3220 2715 2848 2715 signature 0
2738 2772 3136 2772 3136 3134.9999999999995 2738 3134.9999999999995 signature 0
2619 2980.9999999999995 2994 2980.9999999999995 2994 3387 2619 3387 signature 0
2430 3297.0000000000005 2922 3297.0000000000005 2922 3566 2430 3566 signature 0
2390 3525.9999999999995 2748 3525.9999999999995 2748 3698 2390 3698 signature 0
2773.0000000000005 3665.0000000000005 3098 3665.0000000000005 3098 3916.9999999999995 2773.0000000000005 3916.9999999999995 signature 0
2940 3868 3275 3868 3275 4045 2940 4045 signature 0
2483 4068 2860 4068 2860 4266 2483 4266 signature 0
2496 4356 2862 4356 2862 4584 2496 4584 signature 0
2332 4546 2811 4546 2811 4843 2332 4843 signature 0
2350 4810 2773.0000000000005 4810 2773.0000000000005 4985 2350 4985 signature 0
2234 5167 2693 5167 2693 5326 2234 5326 signature 0
2224 5280 2534 5280 2534 5549 2224 5549 signature 0
2750 5008 3145 5008 3145 5193 2750 5193 signature 0